static final String commandPOWER	 = "sendir,4:1,1,38000,1,1,171,170,21,63,21,63,21,63,21,21,21,21,21,21,21,21,21,21,21,63,21,63,21,63,21,21,21,21,21,21,21,21,21,21,21,21,21,63,21,21,21,21,21,21,21,21,21,21,21,21,21,63,21,21,21,63,21,63,21,63,21,63,21,63,21,63,21,760";
static final String command1	 = "sendir,4:1,1,38000,1,1,171,170,21,63,21,63,21,63,21,21,21,21,21,21,21,21,21,21,21,63,21,63,21,63,21,21,21,21,21,21,21,21,21,21,21,21,21,21,21,63,21,21,21,21,21,21,21,21,21,21,21,63,21,63,21,21,21,63,21,63,21,63,21,63,21,63,21,760";
static final String command2	 = "sendir,4:1,1,38000,1,1,171,170,21,63,21,63,21,63,21,21,21,21,21,21,21,21,21,21,21,63,21,63,21,63,21,21,21,21,21,21,21,21,21,21,21,63,21,21,21,63,21,21,21,21,21,21,21,21,21,21,21,21,21,63,21,21,21,63,21,63,21,63,21,63,21,63,21,760";
static final String command3	 = "sendir,4:1,1,38000,1,1,171,169,21,63,21,63,21,63,21,20,21,20,21,20,21,20,21,20,21,63,21,63,21,63,21,20,21,20,21,20,21,20,21,20,21,20,21,63,21,63,21,20,21,20,21,20,21,20,21,20,21,63,21,20,21,20,21,63,21,63,21,63,21,63,21,63,21,760";
static final String command4	 = "sendir,4:1,1,38000,1,1,171,170,21,63,21,63,21,63,21,21,21,21,21,21,21,21,21,21,21,63,21,63,21,63,21,21,21,21,21,21,21,21,21,21,21,21,21,21,21,21,21,63,21,21,21,21,21,21,21,21,21,63,21,63,21,63,21,21,21,63,21,63,21,63,21,63,21,760";
static final String command5	 = "sendir,4:1,1,38000,1,1,171,170,21,64,21,64,21,64,21,20,21,20,21,20,21,20,21,20,21,64,21,64,21,64,21,20,21,20,21,20,21,20,21,20,21,64,21,20,21,20,21,64,21,20,21,20,21,20,21,20,21,20,21,64,21,64,21,20,21,64,21,64,21,64,21,64,21,760";
static final String command6	 = "sendir,4:1,1,38000,1,1,171,171,21,64,21,64,21,64,21,20,21,20,21,20,21,20,21,20,21,64,21,64,21,64,21,20,21,20,21,20,21,20,21,20,21,20,21,64,21,20,21,64,21,20,21,20,21,20,21,20,21,64,21,20,21,64,21,20,21,64,21,64,21,64,21,64,21,760";
static final String command7	 = "sendir,4:1,1,38000,1,1,171,171,21,63,21,63,21,63,21,20,21,20,21,20,21,20,21,20,21,63,21,63,21,63,21,20,21,20,21,20,21,20,21,20,21,20,21,20,21,63,21,63,21,20,21,20,21,20,21,20,21,63,21,63,21,20,21,20,21,63,21,63,21,63,21,63,21,760";
static final String command8	 = "sendir,4:1,1,38000,1,1,171,169,21,63,21,63,21,63,21,20,21,20,21,20,21,20,21,20,21,63,21,63,21,63,21,20,21,20,21,20,21,20,21,20,21,63,21,20,21,63,21,63,21,20,21,20,21,20,21,20,21,20,21,63,21,20,21,20,21,63,21,63,21,63,21,63,21,760";
static final String command9	 = "sendir,4:1,1,38000,1,1,171,170,21,64,21,64,21,64,21,20,21,20,21,20,21,20,21,20,21,64,21,64,21,64,21,20,21,20,21,20,21,20,21,20,21,20,21,64,21,64,21,64,21,20,21,20,21,20,21,20,21,64,21,20,21,20,21,20,21,64,21,64,21,64,21,64,21,760";
static final String command0	 = "sendir,4:1,1,38000,1,1,171,169,21,63,21,63,21,63,21,21,21,21,21,21,21,21,21,21,21,63,21,63,21,63,21,21,21,21,21,21,21,21,21,21,21,63,21,21,21,21,21,21,21,63,21,21,21,21,21,21,21,21,21,63,21,63,21,63,21,21,21,63,21,63,21,63,21,760";
static final String commandMUTE	 = "sendir,4:1,1,38000,1,1,171,170,21,63,21,63,21,63,21,21,21,21,21,21,21,21,21,21,21,63,21,63,21,63,21,21,21,21,21,21,21,21,21,21,21,63,21,63,21,63,21,63,21,21,21,21,21,21,21,21,21,21,21,21,21,21,21,21,21,63,21,63,21,63,21,63,21,760";
static final String commandVOLUP	 = "sendir,4:1,1,38000,1,1,171,170,21,63,21,63,21,63,21,21,21,21,21,21,21,21,21,21,21,63,21,63,21,63,21,21,21,21,21,21,21,21,21,21,21,63,21,63,21,63,21,21,21,21,21,21,21,21,21,21,21,21,21,21,21,21,21,63,21,63,21,63,21,63,21,63,21,760";
static final String commandVOLDOWN	 = "sendir,4:1,1,38000,1,1,171,170,21,63,21,63,21,63,21,22,21,22,21,22,21,22,21,22,21,63,21,63,21,63,21,22,21,22,21,22,21,22,21,22,21,63,21,63,21,22,21,63,21,22,21,22,21,22,21,22,21,22,21,22,21,63,21,22,21,63,21,63,21,63,21,63,21,760";
static final String commandCHUP	 = "sendir,4:1,1,38000,1,1,171,170,21,63,21,63,21,63,21,21,21,21,21,21,21,21,21,21,21,63,21,63,21,63,21,21,21,21,21,21,21,21,21,21,21,21,21,63,21,21,21,21,21,63,21,21,21,21,21,21,21,63,21,21,21,63,21,63,21,21,21,63,21,63,21,63,21,760";
static final String commandCHDOWN	 = "sendir,4:1,1,38000,1,1,171,171,21,63,21,63,21,63,21,21,21,21,21,21,21,21,21,21,21,63,21,63,21,63,21,21,21,21,21,21,21,21,21,21,21,21,21,21,21,21,21,21,21,63,21,21,21,21,21,21,21,63,21,63,21,63,21,63,21,21,21,63,21,63,21,63,21,760";
static final String commandSMART	 = "sendir,4:1,1,38000,1,1,171,170,21,63,21,63,21,63,21,21,21,21,21,21,21,21,21,21,21,63,21,63,21,63,21,21,21,21,21,21,21,21,21,21,21,63,21,21,21,21,21,63,21,63,21,63,21,63,21,21,21,21,21,63,21,63,21,21,21,21,21,21,21,21,21,63,21,760";
static final String commandMENU	 = "sendir,4:1,1,38000,1,1,171,171,21,64,21,64,21,64,21,20,21,20,21,20,21,20,21,20,21,64,21,64,21,64,21,20,21,20,21,20,21,20,21,20,21,20,21,64,21,20,21,64,21,64,21,20,21,20,21,20,21,64,21,20,21,64,21,20,21,20,21,64,21,64,21,64,21,760";
static final String commandSEARCH	 = "sendir,4:1,1,38000,1,1,171,170,21,63,21,63,21,63,21,21,21,21,21,21,21,21,21,21,21,63,21,63,21,63,21,21,21,21,21,21,21,21,21,21,21,63,21,63,21,21,21,21,21,63,21,63,21,63,21,21,21,21,21,21,21,63,21,63,21,21,21,21,21,21,21,63,21,760";
static final String commandTOOLS	 = "sendir,4:1,1,38000,1,1,171,171,21,63,21,63,21,63,21,21,21,21,21,21,21,21,21,21,21,63,21,63,21,63,21,21,21,21,21,21,21,21,21,21,21,63,21,63,21,21,21,63,21,21,21,21,21,63,21,21,21,21,21,21,21,63,21,21,21,63,21,63,21,21,21,63,21,760";
static final String commandINFO	 = "sendir,4:1,1,38000,1,1,171,171,21,63,21,63,21,63,21,20,21,20,21,20,21,20,21,20,21,63,21,63,21,63,21,20,21,20,21,20,21,20,21,20,21,63,21,63,21,63,21,63,21,63,21,20,21,20,21,20,21,20,21,20,21,20,21,20,21,20,21,63,21,63,21,63,21,760";
static final String commandUP	 = "sendir,4:1,1,38000,1,1,171,170,21,63,21,63,21,63,21,20,21,20,21,20,21,20,21,20,21,63,21,63,21,63,21,20,21,20,21,20,21,20,21,20,21,20,21,20,21,20,21,20,21,20,21,63,21,63,21,20,21,63,21,63,21,63,21,63,21,63,21,20,21,20,21,63,21,760";
static final String commandDOWN	 = "sendir,4:1,1,38000,1,1,171,169,21,63,21,63,21,63,21,20,21,20,21,20,21,20,21,20,21,63,21,63,21,63,21,20,21,20,21,20,21,20,21,20,21,63,21,20,21,20,21,20,21,20,21,63,21,63,21,20,21,20,21,63,21,63,21,63,21,63,21,20,21,20,21,63,21,760";
static final String commandLEFT	 = "sendir,4:1,1,38000,1,1,171,170,21,63,21,63,21,63,21,21,21,21,21,21,21,21,21,21,21,63,21,63,21,63,21,21,21,21,21,21,21,21,21,21,21,63,21,21,21,63,21,21,21,21,21,63,21,63,21,21,21,21,21,63,21,21,21,63,21,63,21,21,21,21,21,63,21,760";
static final String commandRIGHT	 = "sendir,4:1,1,38000,1,1,171,169,21,63,21,63,21,63,21,20,21,20,21,20,21,20,21,20,21,63,21,63,21,63,21,20,21,20,21,20,21,20,21,20,21,20,21,63,21,20,21,20,21,20,21,63,21,63,21,20,21,63,21,20,21,63,21,63,21,63,21,20,21,20,21,63,21,760";
static final String commandENTER =	"sendir,4:1,1,38000,1,1,171,170,21,62,21,62,21,62,21,21,21,21,21,21,21,21,21,21,21,62,21,62,21,62,21,21,21,21,21,21,21,21,21,21,21,21,21,21,21,21,21,62,21,21,21,62,21,62,21,21,21,62,21,62,21,62,21,21,21,62,21,21,21,21,21,62,21,760";
static final String commandRETURN	 = "sendir,4:1,1,38000,1,1,171,170,21,63,21,63,21,63,21,21,21,21,21,21,21,21,21,21,21,63,21,63,21,63,21,21,21,21,21,21,21,21,21,21,21,21,21,21,21,21,21,63,21,63,21,21,21,63,21,21,21,63,21,63,21,63,21,21,21,21,21,63,21,21,21,63,21,760";
static final String commandEXIT	 = "sendir,4:1,1,38000,1,1,171,171,21,63,21,63,21,63,21,20,21,20,21,20,21,20,21,20,21,63,21,63,21,63,21,20,21,20,21,20,21,20,21,20,21,63,21,20,21,63,21,63,21,20,21,63,21,20,21,20,21,20,21,63,21,20,21,20,21,63,21,20,21,63,21,63,21,760";
static final String commandA	 = "sendir,4:1,1,38000,1,1,171,170,21,62,21,62,21,62,21,21,21,21,21,21,21,21,21,21,21,62,21,62,21,62,21,21,21,21,21,21,21,21,21,21,21,21,21,21,21,62,21,62,21,21,21,62,21,62,21,21,21,62,21,62,21,21,21,21,21,62,21,21,21,21,21,62,21,760";
static final String commandB	 = "sendir,4:1,1,38000,1,1,171,170,21,63,21,63,21,63,21,22,21,22,21,22,21,22,21,22,21,63,21,63,21,63,21,22,21,22,21,22,21,22,21,22,21,22,21,22,21,63,21,22,21,63,21,22,21,22,21,22,21,63,21,63,21,22,21,63,21,22,21,63,21,63,21,63,21,760";
static final String commandC	 = "sendir,4:1,1,38000,1,1,171,171,21,64,21,64,21,64,21,20,21,20,21,20,21,20,21,20,21,64,21,64,21,64,21,20,21,20,21,20,21,20,21,20,21,64,21,20,21,64,21,20,21,64,21,20,21,20,21,20,21,20,21,64,21,20,21,64,21,20,21,64,21,64,21,64,21,760";
static final String commandD	 = "sendir,4:1,1,38000,1,1,171,170,21,64,21,64,21,64,21,21,21,21,21,21,21,21,21,21,21,64,21,64,21,64,21,21,21,21,21,21,21,21,21,21,21,21,21,64,21,64,21,21,21,64,21,21,21,21,21,21,21,64,21,21,21,21,21,64,21,21,21,64,21,64,21,64,21,760";
static final String commandSOCIAL	 = "sendir,4:1,1,38000,1,1,171,170,21,63,21,63,21,63,21,20,21,20,21,20,21,20,21,20,21,63,21,63,21,63,21,20,21,20,21,20,21,20,21,20,21,20,21,20,21,63,21,20,21,20,21,63,21,63,21,20,21,63,21,63,21,20,21,63,21,63,21,20,21,20,21,63,21,760";
static final String commandMTS	 = "sendir,4:1,1,38000,1,1,171,170,21,63,21,63,21,63,21,20,21,20,21,20,21,20,21,20,21,63,21,63,21,63,21,20,21,20,21,20,21,20,21,20,21,20,21,20,21,20,21,20,21,20,21,20,21,20,21,20,21,63,21,63,21,63,21,63,21,63,21,63,21,63,21,63,21,760";
static final String commandSRS	 = "sendir,4:1,1,38000,1,1,171,170,21,63,21,63,21,63,21,20,21,20,21,20,21,20,21,20,21,63,21,63,21,63,21,20,21,20,21,20,21,20,21,20,21,20,21,63,21,63,21,63,21,20,21,63,21,63,21,20,21,63,21,20,21,20,21,20,21,63,21,20,21,20,21,63,21,760";
static final String commandEMANUAL	 = "sendir,4:1,1,38000,1,1,171,170,21,62,21,62,21,62,21,21,21,21,21,21,21,21,21,21,21,62,21,62,21,62,21,21,21,21,21,21,21,21,21,21,21,62,21,62,21,62,21,62,21,62,21,62,21,21,21,21,21,21,21,21,21,21,21,21,21,21,21,21,21,62,21,62,21,760";
static final String commandPSIZE	 = "sendir,4:1,1,38000,1,1,171,171,21,63,21,63,21,63,21,20,21,20,21,20,21,20,21,20,21,63,21,63,21,63,21,20,21,20,21,20,21,20,21,20,21,20,21,63,21,63,21,63,21,63,21,63,21,20,21,20,21,63,21,20,21,20,21,20,21,20,21,20,21,63,21,63,21,760";
static final String commandCC	 = "sendir,4:1,1,38000,1,1,171,170,21,63,21,63,21,63,21,21,21,21,21,21,21,21,21,21,21,63,21,63,21,63,21,21,21,21,21,21,21,21,21,21,21,63,21,21,21,63,21,21,21,21,21,63,21,21,21,21,21,21,21,63,21,21,21,63,21,63,21,21,21,63,21,63,21,760";
static final String commandREWIND	 = "sendir,4:1,1,38000,1,1,171,170,21,63,21,63,21,63,21,21,21,21,21,21,21,21,21,21,21,63,21,63,21,63,21,21,21,21,21,21,21,21,21,21,21,63,21,21,21,63,21,21,21,21,21,21,21,63,21,21,21,21,21,63,21,21,21,63,21,63,21,63,21,21,21,63,21,760";
static final String commandPAUSE	 = "sendir,4:1,1,38000,1,1,171,169,21,63,21,63,21,63,21,21,21,21,21,21,21,21,21,21,21,63,21,63,21,63,21,21,21,21,21,21,21,21,21,21,21,21,21,63,21,21,21,63,21,21,21,21,21,63,21,21,21,63,21,21,21,63,21,21,21,63,21,63,21,21,21,63,21,760";
static final String commandFORWARD	 = "sendir,4:1,1,38000,1,1,171,170,21,63,21,63,21,63,21,21,21,21,21,21,21,21,21,21,21,63,21,63,21,63,21,21,21,21,21,21,21,21,21,21,21,21,21,21,21,21,21,63,21,21,21,21,21,63,21,21,21,63,21,63,21,63,21,21,21,63,21,63,21,21,21,63,21,760";
static final String commandRECORD	 = "sendir,4:1,1,38000,1,1,171,170,21,63,21,63,21,63,21,20,21,20,21,20,21,20,21,20,21,63,21,63,21,63,21,20,21,20,21,20,21,20,21,20,21,63,21,20,21,20,21,63,21,20,21,20,21,63,21,20,21,20,21,63,21,63,21,20,21,63,21,63,21,20,21,63,21,760";
static final String commandPLAY	 = "sendir,4:1,1,38000,1,1,171,170,21,63,21,63,21,63,21,21,21,21,21,21,21,21,21,21,21,63,21,63,21,63,21,21,21,21,21,21,21,21,21,21,21,63,21,63,21,63,21,21,21,21,21,21,21,63,21,21,21,21,21,21,21,21,21,63,21,63,21,63,21,21,21,63,21,760";
static final String commandSTOP	 = "sendir,4:1,1,38000,1,1,171,170,21,63,21,63,21,63,21,22,21,22,21,22,21,22,21,22,21,63,21,63,21,63,21,22,21,22,21,22,21,22,21,22,21,22,21,63,21,63,21,22,21,22,21,22,21,63,21,22,21,63,21,22,21,22,21,63,21,63,21,63,21,22,21,63,21,760";